11 13 17 15 15 12 17 15 15 16 19 17 15 15 2 15 15 0 2 2
10 8 15 2 2 2 2 2 2 2 19 2 2 9 4 0 2 18 8 11
12 9 2 15 12 2 8 8 8 8 8 11 13 15 14 11 15 12 17 15
2 14 11 8 4 15 8 2 2 8 9 9 17 15 15 12 15 2 2 2
9 14 5 7 2 2 2 15 15 12 2 2 11 13 13 1 15 15 2 2
10 9 8 13 1 9 11 13 15 10 8 11 13 15 15 15 15 15 15 15
8 11 8 13 2 15 2 17 15 12 15 15 4 14 14 14 5 2 1 11
9 3 9 1 14 14 14 14 14 11 15 12 15 15 2 12 14 11 2 13
7 6 15 15 12 14 13 14 15 15 15 11 4 4 9 8 11 15 9 9
10 13 2 2 8 8 11 8 11 2 2 2 2 2 2 2 8 11 2 8
4 14 14 5 17 15 15 15 2 2 8 2 2 6 8 8 13 8 15 2
10 8 18 11 10 11 8 11 8 8 8 8 11 16 15 15 15 15 2 2
9 14 14 14 14 11 15 15 15 15 15 15 15 2 11 13 15 15 15 2
14 15 9 14 11 15 15 15 12 10 15 12 2 2 2 9 8 11 15 10
10 8 8 2 8 11 13 11 15 15 15 15 17 15 15 15 15 4 14 14
9 14 2 2 2 2 8 11 16 17 11 15 12 11 2 2 14 11 2 9
2 9 1 8 11 15 15 15 2 2 8 10 2 2 2 18 11 13 14 8
18 2 9 14 15 12 2 2 2 8 2 2 2 2 2 2 2 2 2 6
14 14 11 8 15 4 12 2 2 11 13 19 14 1 8 5 1 16 8 8
17 13 15 8 14 14 11 13 15 15 15 15 15 2 2 2 2 9 3 10
2 10 2 2 2 9 6 15 12 2 2 8 11 11 13 8 15 15 15 15
15 2 4 14 5 8 11 2 13 15 12 15 15 2 8 10 8 8 17 17
14 10 8 11 8 11 14 14 10 8 8 13 15 15 15 15 12 2 18 12
2 13 12 4 14 10 2 8 8 8 11 8 11 8 8 11 8 8 11 8
14 14 8 11 15 15 15 2 2 2 8 17 15 15 2 2 16 2 8 8
14 5 9 14 8 10 2 8 8 17 11 15 15 15 11 15 15 15 15 15
9 7 9 14 14 14 14 2 14 11 8 15 15 15 15 15 15 2 10 2
2 2 2 2 2 2 2 2 8 8 2 2 2 2 2 2 2 2 14 14
12 15 9 14 5 15 12 2 2 8 14 8 11 13 8 15 12 2 8 11
17 15 2 15 13 15 15 2 12 15 13 15 12 14 11 17 8 15 15 15
9 0 4 15 15 4 19 2 2 9 6 9 9 14 15 11 15 15 12 2
2 9 8 12 2 8 5 9 17 19 15 15 15 2 15 2 2 2 2 2
10 2 2 6 2 2 2 15 2 10 8 11 8 8 11 8 8 8 17 4
9 5 2 2 15 12 14 11 8 17 15 2 2 2 15 2 2 2 2 2
0 10 2 13 8 15 8 15 11 8 8 8 17 15 4 11 12 2 2 2
9 14 14 11 15 12 14 11 5 13 12 2 2 2 2 2 2 2 2 8
14 5 14 8 11 9 4 15 12 14 14 13 7 2 9 18 2 2 2 13
14 14 11 8 13 15 15 12 10 2 2 10 2 2 2 2 2 8 11 8
14 15 10 2 16 2 8 2 2 2 10 2 2 2 2 2 2 2 2 2
2 2 9 11 15 15 15 15 15 15 15 9 7 2 2 2 2 9 14 11
12 2 2 2 2 2 13 15 10 2 2 2 2 2 2 2 2 2 16 5
3 10 2 2 2 2 2 1 2 2 2 8 8 11 13 15 10 8 17 11
9 9 9 9 9 9 0 9 7 2 15 2 15 15 12 12 2 2 2 2
2 14 11 8 8 8 11 13 11 13 15 8 10 15 12 14 8 2 8 2
10 9 4 9 7 2 2 5 8 6 17 15 15 2 2 2 2 2 2 4
13 15 12 15 12 2 10 2 2 2 2 2 2 14 2 8 11 13 15 15
2 2 2 2 2 2 2 2 2 2 11 11 13 8 9 15 12 2 8 17
9 14 2 16 16 17 15 17 15 12 14 2 4 15 15 15 2 9 17 4
10 2 8 2 2 2 2 2 2 2 2 2 2 2 2 14 11 13 15 15
10 13 9 17 15 12 14 11 14 14 8 11 13 15 15 2 4 14 11 8
4 7 7 2 8 2 8 1 11 8 8 11 10 2 2 2 8 17 1 8
11 14 11 15 1 17 17 15 12 10 2 2 2 8 8 8 10 2 2 9
14 14 8 11 13 17 15 15 9 17 15 4 14 2 2 2 2 2 9 2
4 14 8 5 13 9 5 9 14 15 12 2 8 11 8 11 8 8 11 11
2 9 18 2 4 14 14 11 10 15 2 2 8 2 2 2 2 2 2 8
9 5 4 14 9 9 9 9 19 14 14 14 8 8 15 15 15 15 15 15
9 14 14 15 13 15 15 2 18 2 2 2 2 2 2 2 2 2 2 2
10 10 9 8 8 11 8 13 8 13 15 15 15 15 15 15 15 10 2 2
10 2 2 2 16 8 8 9 8 11 11 13 15 12 15 12 2 18 11 15
12 14 14 11 13 15 15 15 15 15 2 2 2 2 2 2 2 13 12 2
18 2 15 2 2 8 2 2 8 14 11 11 8 8 11 11 14 11 13 8
14 11 13 8 10 16 8 13 15 10 12 2 17 15 12 2 2 2 2 8
15 10 13 13 11 8 15 15 15 15 15 15 12 2 10 2 14 11 8 2
12 10 14 8 8 6 8 15 15 15 11 15 15 15 15 15 15 10 2 2
11 13 17 15 15 12 17 15 15 16 19 17 15 15 2 15 15 0 2 2
10 8 15 2 2 2 2 2 2 2 19 2 2 9 4 0 2 18 8 11
12 9 2 15 12 2 8 8 8 8 8 11 13 15 14 11 15 12 17 15
2 14 11 8 4 15 8 2 2 8 9 9 17 15 15 12 15 2 2 2
9 14 5 7 2 2 2 15 15 12 2 2 11 13 13 1 15 15 2 2
10 9 8 13 1 9 11 13 15 10 8 11 13 15 15 15 15 15 15 15
8 11 8 13 2 15 2 17 15 12 15 15 4 14 14 14 5 2 1 11
9 3 9 1 14 14 14 14 14 11 15 12 15 15 2 12 14 11 2 13
7 6 15 15 12 14 13 14 15 15 15 11 4 4 9 8 11 15 9 9
10 13 2 2 8 8 11 8 11 2 2 2 2 2 2 2 8 11 2 8
4 14 14 5 17 15 15 15 2 2 8 2 2 6 8 8 13 8 15 2
10 8 18 11 10 11 8 11 8 8 8 8 11 16 15 15 15 15 2 2
9 14 14 14 14 11 15 15 15 15 15 15 15 2 11 13 15 15 15 2
14 15 9 14 11 15 15 15 12 10 15 12 2 2 2 9 8 11 15 10
10 8 8 2 8 11 13 11 15 15 15 15 17 15 15 15 15 4 14 14
9 14 2 2 2 2 8 11 16 17 11 15 12 11 2 2 14 11 2 9
2 9 1 8 11 15 15 15 2 2 8 10 2 2 2 18 11 13 14 8
18 2 9 14 15 12 2 2 2 8 2 2 2 2 2 2 2 2 2 6
14 14 11 8 15 4 12 2 2 11 13 19 14 1 8 5 1 16 8 8
17 13 15 8 14 14 11 13 15 15 15 15 15 2 2 2 2 9 3 10
2 10 2 2 2 9 6 15 12 2 2 8 11 11 13 8 15 15 15 15
15 2 4 14 5 8 11 2 13 15 12 15 15 2 8 10 8 8 17 17
14 10 8 11 8 11 14 14 10 8 8 13 15 15 15 15 12 2 18 12
2 13 12 4 14 10 2 8 8 8 11 8 11 8 8 11 8 8 11 8
14 14 8 11 15 15 15 2 2 2 8 17 15 15 2 2 16 2 8 8
14 5 9 14 8 10 2 8 8 17 11 15 15 15 11 15 15 15 15 15
9 7 9 14 14 14 14 2 14 11 8 15 15 15 15 15 15 2 10 2
2 2 2 2 2 2 2 2 8 8 2 2 2 2 2 2 2 2 14 14
12 15 9 14 5 15 12 2 2 8 14 8 11 13 8 15 12 2 8 11
17 15 2 15 13 15 15 2 12 15 13 15 12 14 11 17 8 15 15 15
9 0 4 15 15 4 19 2 2 9 6 9 9 14 15 11 15 15 12 2
2 9 8 12 2 8 5 9 17 19 15 15 15 2 15 2 2 2 2 2
10 2 2 6 2 2 2 15 2 10 8 11 8 8 11 8 8 8 17 4
9 5 2 2 15 12 14 11 8 17 15 2 2 2 15 2 2 2 2 2
0 10 2 13 8 15 8 15 11 8 8 8 17 15 4 11 12 2 2 2
9 14 14 11 15 12 14 11 5 13 12 2 2 2 2 2 2 2 2 8
14 5 14 8 11 9 4 15 12 14 14 13 7 2 9 18 2 2 2 13
14 14 11 8 13 15 15 12 10 2 2 10 2 2 2 2 2 8 11 8
14 15 10 2 16 2 8 2 2 2 10 2 2 2 2 2 2 2 2 2
2 2 9 11 15 15 15 15 15 15 15 9 7 2 2 2 2 9 14 11
12 2 2 2 2 2 13 15 10 2 2 2 2 2 2 2 2 2 16 5
3 10 2 2 2 2 2 1 2 2 2 8 8 11 13 15 10 8 17 11
9 9 9 9 9 9 0 9 7 2 15 2 15 15 12 12 2 2 2 2
2 14 11 8 8 8 11 13 11 13 15 8 10 15 12 14 8 2 8 2
10 9 4 9 7 2 2 5 8 6 17 15 15 2 2 2 2 2 2 4
13 15 12 15 12 2 10 2 2 2 2 2 2 14 2 8 11 13 15 15
2 2 2 2 2 2 2 2 2 2 11 11 13 8 9 15 12 2 8 17
9 14 2 16 16 17 15 17 15 12 14 2 4 15 15 15 2 9 17 4
10 2 8 2 2 2 2 2 2 2 2 2 2 2 2 14 11 13 15 15
10 13 9 17 15 12 14 11 14 14 8 11 13 15 15 2 4 14 11 8
4 7 7 2 8 2 8 1 11 8 8 11 10 2 2 2 8 17 1 8
11 14 11 15 1 17 17 15 12 10 2 2 2 8 8 8 10 2 2 9
14 14 8 11 13 17 15 15 9 17 15 4 14 2 2 2 2 2 9 2
4 14 8 5 13 9 5 9 14 15 12 2 8 11 8 11 8 8 11 11
2 9 18 2 4 14 14 11 10 15 2 2 8 2 2 2 2 2 2 8
9 5 4 14 9 9 9 9 19 14 14 14 8 8 15 15 15 15 15 15
9 14 14 15 13 15 15 2 18 2 2 2 2 2 2 2 2 2 2 2
10 10 9 8 8 11 8 13 8 13 15 15 15 15 15 15 15 10 2 2
10 2 2 2 16 8 8 9 8 11 11 13 15 12 15 12 2 18 11 15
12 14 14 11 13 15 15 15 15 15 2 2 2 2 2 2 2 13 12 2
18 2 15 2 2 8 2 2 8 14 11 11 8 8 11 11 14 11 13 8
14 11 13 8 10 16 8 13 15 10 12 2 17 15 12 2 2 2 2 8
15 10 13 13 11 8 15 15 15 15 15 15 12 2 10 2 14 11 8 2
12 10 14 8 8 6 8 15 15 15 11 15 15 15 15 15 15 10 2 2
11 13 17 15 15 12 17 15 15 16 19 17 15 15 2 15 15 0 2 2
10 8 15 2 2 2 2 2 2 2 19 2 2 9 4 0 2 18 8 11
12 9 2 15 12 2 8 8 8 8 8 11 13 15 14 11 15 12 17 15
2 14 11 8 4 15 8 2 2 8 9 9 17 15 15 12 15 2 2 2
9 14 5 7 2 2 2 15 15 12 2 2 11 13 13 1 15 15 2 2
10 9 8 13 1 9 11 13 15 10 8 11 13 15 15 15 15 15 15 15
8 11 8 13 2 15 2 17 15 12 15 15 4 14 14 14 5 2 1 11
9 3 9 1 14 14 14 14 14 11 15 12 15 15 2 12 14 11 2 13
7 6 15 15 12 14 13 14 15 15 15 11 4 4 9 8 11 15 9 9
10 13 2 2 8 8 11 8 11 2 2 2 2 2 2 2 8 11 2 8
4 14 14 5 17 15 15 15 2 2 8 2 2 6 8 8 13 8 15 2
10 8 18 11 10 11 8 11 8 8 8 8 11 16 15 15 15 15 2 2
9 14 14 14 14 11 15 15 15 15 15 15 15 2 11 13 15 15 15 2
14 15 9 14 11 15 15 15 12 10 15 12 2 2 2 9 8 11 15 10
10 8 8 2 8 11 13 11 15 15 15 15 17 15 15 15 15 4 14 14
9 14 2 2 2 2 8 11 16 17 11 15 12 11 2 2 14 11 2 9
2 9 1 8 11 15 15 15 2 2 8 10 2 2 2 18 11 13 14 8
18 2 9 14 15 12 2 2 2 8 2 2 2 2 2 2 2 2 2 6
14 14 11 8 15 4 12 2 2 11 13 19 14 1 8 5 1 16 8 8
17 13 15 8 14 14 11 13 15 15 15 15 15 2 2 2 2 9 3 10
2 10 2 2 2 9 6 15 12 2 2 8 11 11 13 8 15 15 15 15
15 2 4 14 5 8 11 2 13 15 12 15 15 2 8 10 8 8 17 17
14 10 8 11 8 11 14 14 10 8 8 13 15 15 15 15 12 2 18 12
2 13 12 4 14 10 2 8 8 8 11 8 11 8 8 11 8 8 11 8
14 14 8 11 15 15 15 2 2 2 8 17 15 15 2 2 16 2 8 8
14 5 9 14 8 10 2 8 8 17 11 15 15 15 11 15 15 15 15 15
9 7 9 14 14 14 14 2 14 11 8 15 15 15 15 15 15 2 10 2
2 2 2 2 2 2 2 2 8 8 2 2 2 2 2 2 2 2 14 14
12 15 9 14 5 15 12 2 2 8 14 8 11 13 8 15 12 2 8 11
17 15 2 15 13 15 15 2 12 15 13 15 12 14 11 17 8 15 15 15
9 0 4 15 15 4 19 2 2 9 6 9 9 14 15 11 15 15 12 2
2 9 8 12 2 8 5 9 17 19 15 15 15 2 15 2 2 2 2 2
10 2 2 6 2 2 2 15 2 10 8 11 8 8 11 8 8 8 17 4
9 5 2 2 15 12 14 11 8 17 15 2 2 2 15 2 2 2 2 2
0 10 2 13 8 15 8 15 11 8 8 8 17 15 4 11 12 2 2 2
9 14 14 11 15 12 14 11 5 13 12 2 2 2 2 2 2 2 2 8
14 5 14 8 11 9 4 15 12 14 14 13 7 2 9 18 2 2 2 13
14 14 11 8 13 15 15 12 10 2 2 10 2 2 2 2 2 8 11 8
14 15 10 2 16 2 8 2 2 2 10 2 2 2 2 2 2 2 2 2
2 2 9 11 15 15 15 15 15 15 15 9 7 2 2 2 2 9 14 11
12 2 2 2 2 2 13 15 10 2 2 2 2 2 2 2 2 2 16 5
3 10 2 2 2 2 2 1 2 2 2 8 8 11 13 15 10 8 17 11
9 9 9 9 9 9 0 9 7 2 15 2 15 15 12 12 2 2 2 2
2 14 11 8 8 8 11 13 11 13 15 8 10 15 12 14 8 2 8 2
10 9 4 9 7 2 2 5 8 6 17 15 15 2 2 2 2 2 2 4
13 15 12 15 12 2 10 2 2 2 2 2 2 14 2 8 11 13 15 15
2 2 2 2 2 2 2 2 2 2 11 11 13 8 9 15 12 2 8 17
9 14 2 16 16 17 15 17 15 12 14 2 4 15 15 15 2 9 17 4
10 2 8 2 2 2 2 2 2 2 2 2 2 2 2 14 11 13 15 15
10 13 9 17 15 12 14 11 14 14 8 11 13 15 15 2 4 14 11 8
4 7 7 2 8 2 8 1 11 8 8 11 10 2 2 2 8 17 1 8
11 14 11 15 1 17 17 15 12 10 2 2 2 8 8 8 10 2 2 9
14 14 8 11 13 17 15 15 9 17 15 4 14 2 2 2 2 2 9 2
4 14 8 5 13 9 5 9 14 15 12 2 8 11 8 11 8 8 11 11
2 9 18 2 4 14 14 11 10 15 2 2 8 2 2 2 2 2 2 8
9 5 4 14 9 9 9 9 19 14 14 14 8 8 15 15 15 15 15 15
9 14 14 15 13 15 15 2 18 2 2 2 2 2 2 2 2 2 2 2
10 10 9 8 8 11 8 13 8 13 15 15 15 15 15 15 15 10 2 2
10 2 2 2 16 8 8 9 8 11 11 13 15 12 15 12 2 18 11 15
12 14 14 11 13 15 15 15 15 15 2 2 2 2 2 2 2 13 12 2
18 2 15 2 2 8 2 2 8 14 11 11 8 8 11 11 14 11 13 8
14 11 13 8 10 16 8 13 15 10 12 2 17 15 12 2 2 2 2 8
15 10 13 13 11 8 15 15 15 15 15 15 12 2 10 2 14 11 8 2
12 10 14 8 8 6 8 15 15 15 11 15 15 15 15 15 15 10 2 2
11 13 17 15 15 12 17 15 15 16 19 17 15 15 2 15 15 0 2 2
10 8 15 2 2 2 2 2 2 2 19 2 2 9 4 0 2 18 8 11
12 9 2 15 12 2 8 8 8 8 8 11 13 15 14 11 15 12 17 15
2 14 11 8 4 15 8 2 2 8 9 9 17 15 15 12 15 2 2 2
9 14 5 7 2 2 2 15 15 12 2 2 11 13 13 1 15 15 2 2
10 9 8 13 1 9 11 13 15 10 8 11 13 15 15 15 15 15 15 15
8 11 8 13 2 15 2 17 15 12 15 15 4 14 14 14 5 2 1 11
9 3 9 1 14 14 14 14 14 11 15 12 15 15 2 12 14 11 2 13
7 6 15 15 12 14 13 14 15 15 15 11 4 4 9 8 11 15 9 9
10 13 2 2 8 8 11 8 11 2 2 2 2 2 2 2 8 11 2 8
4 14 14 5 17 15 15 15 2 2 8 2 2 6 8 8 13 8 15 2
10 8 18 11 10 11 8 11 8 8 8 8 11 16 15 15 15 15 2 2
9 14 14 14 14 11 15 15 15 15 15 15 15 2 11 13 15 15 15 2
14 15 9 14 11 15 15 15 12 10 15 12 2 2 2 9 8 11 15 10
10 8 8 2 8 11 13 11 15 15 15 15 17 15 15 15 15 4 14 14
9 14 2 2 2 2 8 11 16 17 11 15 12 11 2 2 14 11 2 9
2 9 1 8 11 15 15 15 2 2 8 10 2 2 2 18 11 13 14 8
18 2 9 14 15 12 2 2 2 8 2 2 2 2 2 2 2 2 2 6
14 14 11 8 15 4 12 2 2 11 13 19 14 1 8 5 1 16 8 8
17 13 15 8 14 14 11 13 15 15 15 15 15 2 2 2 2 9 3 10
2 10 2 2 2 9 6 15 12 2 2 8 11 11 13 8 15 15 15 15
15 2 4 14 5 8 11 2 13 15 12 15 15 2 8 10 8 8 17 17
14 10 8 11 8 11 14 14 10 8 8 13 15 15 15 15 12 2 18 12
2 13 12 4 14 10 2 8 8 8 11 8 11 8 8 11 8 8 11 8
14 14 8 11 15 15 15 2 2 2 8 17 15 15 2 2 16 2 8 8
14 5 9 14 8 10 2 8 8 17 11 15 15 15 11 15 15 15 15 15
9 7 9 14 14 14 14 2 14 11 8 15 15 15 15 15 15 2 10 2
2 2 2 2 2 2 2 2 8 8 2 2 2 2 2 2 2 2 14 14
12 15 9 14 5 15 12 2 2 8 14 8 11 13 8 15 12 2 8 11
17 15 2 15 13 15 15 2 12 15 13 15 12 14 11 17 8 15 15 15
9 0 4 15 15 4 19 2 2 9 6 9 9 14 15 11 15 15 12 2
2 9 8 12 2 8 5 9 17 19 15 15 15 2 15 2 2 2 2 2
10 2 2 6 2 2 2 15 2 10 8 11 8 8 11 8 8 8 17 4
9 5 2 2 15 12 14 11 8 17 15 2 2 2 15 2 2 2 2 2
0 10 2 13 8 15 8 15 11 8 8 8 17 15 4 11 12 2 2 2
9 14 14 11 15 12 14 11 5 13 12 2 2 2 2 2 2 2 2 8
14 5 14 8 11 9 4 15 12 14 14 13 7 2 9 18 2 2 2 13
14 14 11 8 13 15 15 12 10 2 2 10 2 2 2 2 2 8 11 8
14 15 10 2 16 2 8 2 2 2 10 2 2 2 2 2 2 2 2 2
2 2 9 11 15 15 15 15 15 15 15 9 7 2 2 2 2 9 14 11
12 2 2 2 2 2 13 15 10 2 2 2 2 2 2 2 2 2 16 5
3 10 2 2 2 2 2 1 2 2 2 8 8 11 13 15 10 8 17 11
9 9 9 9 9 9 0 9 7 2 15 2 15 15 12 12 2 2 2 2
2 14 11 8 8 8 11 13 11 13 15 8 10 15 12 14 8 2 8 2
10 9 4 9 7 2 2 5 8 6 17 15 15 2 2 2 2 2 2 4
13 15 12 15 12 2 10 2 2 2 2 2 2 14 2 8 11 13 15 15
2 2 2 2 2 2 2 2 2 2 11 11 13 8 9 15 12 2 8 17
9 14 2 16 16 17 15 17 15 12 14 2 4 15 15 15 2 9 17 4
10 2 8 2 2 2 2 2 2 2 2 2 2 2 2 14 11 13 15 15
10 13 9 17 15 12 14 11 14 14 8 11 13 15 15 2 4 14 11 8
4 7 7 2 8 2 8 1 11 8 8 11 10 2 2 2 8 17 1 8
11 14 11 15 1 17 17 15 12 10 2 2 2 8 8 8 10 2 2 9
14 14 8 11 13 17 15 15 9 17 15 4 14 2 2 2 2 2 9 2
4 14 8 5 13 9 5 9 14 15 12 2 8 11 8 11 8 8 11 11
2 9 18 2 4 14 14 11 10 15 2 2 8 2 2 2 2 2 2 8
9 5 4 14 9 9 9 9 19 14 14 14 8 8 15 15 15 15 15 15
9 14 14 15 13 15 15 2 18 2 2 2 2 2 2 2 2 2 2 2
10 10 9 8 8 11 8 13 8 13 15 15 15 15 15 15 15 10 2 2
10 2 2 2 16 8 8 9 8 11 11 13 15 12 15 12 2 18 11 15
12 14 14 11 13 15 15 15 15 15 2 2 2 2 2 2 2 13 12 2
18 2 15 2 2 8 2 2 8 14 11 11 8 8 11 11 14 11 13 8
14 11 13 8 10 16 8 13 15 10 12 2 17 15 12 2 2 2 2 8
15 10 13 13 11 8 15 15 15 15 15 15 12 2 10 2 14 11 8 2
12 10 14 8 8 6 8 15 15 15 11 15 15 15 15 15 15 10 2 2
11 13 17 15 15 12 17 15 15 16 19 17 15 15 2 15 15 0 2 2
10 8 15 2 2 2 2 2 2 2 19 2 2 9 4 0 2 18 8 11
12 9 2 15 12 2 8 8 8 8 8 11 13 15 14 11 15 12 17 15
2 14 11 8 4 15 8 2 2 8 9 9 17 15 15 12 15 2 2 2
9 14 5 7 2 2 2 15 15 12 2 2 11 13 13 1 15 15 2 2
10 9 8 13 1 9 11 13 15 10 8 11 13 15 15 15 15 15 15 15
8 11 8 13 2 15 2 17 15 12 15 15 4 14 14 14 5 2 1 11
9 3 9 1 14 14 14 14 14 11 15 12 15 15 2 12 14 11 2 13
7 6 15 15 12 14 13 14 15 15 15 11 4 4 9 8 11 15 9 9
10 13 2 2 8 8 11 8 11 2 2 2 2 2 2 2 8 11 2 8
4 14 14 5 17 15 15 15 2 2 8 2 2 6 8 8 13 8 15 2
10 8 18 11 10 11 8 11 8 8 8 8 11 16 15 15 15 15 2 2
9 14 14 14 14 11 15 15 15 15 15 15 15 2 11 13 15 15 15 2
14 15 9 14 11 15 15 15 12 10 15 12 2 2 2 9 8 11 15 10
10 8 8 2 8 11 13 11 15 15 15 15 17 15 15 15 15 4 14 14
9 14 2 2 2 2 8 11 16 17 11 15 12 11 2 2 14 11 2 9
2 9 1 8 11 15 15 15 2 2 8 10 2 2 2 18 11 13 14 8
18 2 9 14 15 12 2 2 2 8 2 2 2 2 2 2 2 2 2 6
14 14 11 8 15 4 12 2 2 11 13 19 14 1 8 5 1 16 8 8
17 13 15 8 14 14 11 13 15 15 15 15 15 2 2 2 2 9 3 10
2 10 2 2 2 9 6 15 12 2 2 8 11 11 13 8 15 15 15 15
15 2 4 14 5 8 11 2 13 15 12 15 15 2 8 10 8 8 17 17
14 10 8 11 8 11 14 14 10 8 8 13 15 15 15 15 12 2 18 12
2 13 12 4 14 10 2 8 8 8 11 8 11 8 8 11 8 8 11 8
14 14 8 11 15 15 15 2 2 2 8 17 15 15 2 2 16 2 8 8
14 5 9 14 8 10 2 8 8 17 11 15 15 15 11 15 15 15 15 15
9 7 9 14 14 14 14 2 14 11 8 15 15 15 15 15 15 2 10 2
2 2 2 2 2 2 2 2 8 8 2 2 2 2 2 2 2 2 14 14
12 15 9 14 5 15 12 2 2 8 14 8 11 13 8 15 12 2 8 11
17 15 2 15 13 15 15 2 12 15 13 15 12 14 11 17 8 15 15 15
9 0 4 15 15 4 19 2 2 9 6 9 9 14 15 11 15 15 12 2
2 9 8 12 2 8 5 9 17 19 15 15 15 2 15 2 2 2 2 2
10 2 2 6 2 2 2 15 2 10 8 11 8 8 11 8 8 8 17 4
9 5 2 2 15 12 14 11 8 17 15 2 2 2 15 2 2 2 2 2
0 10 2 13 8 15 8 15 11 8 8 8 17 15 4 11 12 2 2 2
9 14 14 11 15 12 14 11 5 13 12 2 2 2 2 2 2 2 2 8
14 5 14 8 11 9 4 15 12 14 14 13 7 2 9 18 2 2 2 13
14 14 11 8 13 15 15 12 10 2 2 10 2 2 2 2 2 8 11 8
14 15 10 2 16 2 8 2 2 2 10 2 2 2 2 2 2 2 2 2
2 2 9 11 15 15 15 15 15 15 15 9 7 2 2 2 2 9 14 11
12 2 2 2 2 2 13 15 10 2 2 2 2 2 2 2 2 2 16 5
3 10 2 2 2 2 2 1 2 2 2 8 8 11 13 15 10 8 17 11
9 9 9 9 9 9 0 9 7 2 15 2 15 15 12 12 2 2 2 2
2 14 11 8 8 8 11 13 11 13 15 8 10 15 12 14 8 2 8 2
10 9 4 9 7 2 2 5 8 6 17 15 15 2 2 2 2 2 2 4
13 15 12 15 12 2 10 2 2 2 2 2 2 14 2 8 11 13 15 15
2 2 2 2 2 2 2 2 2 2 11 11 13 8 9 15 12 2 8 17
9 14 2 16 16 17 15 17 15 12 14 2 4 15 15 15 2 9 17 4
10 2 8 2 2 2 2 2 2 2 2 2 2 2 2 14 11 13 15 15
10 13 9 17 15 12 14 11 14 14 8 11 13 15 15 2 4 14 11 8
4 7 7 2 8 2 8 1 11 8 8 11 10 2 2 2 8 17 1 8
11 14 11 15 1 17 17 15 12 10 2 2 2 8 8 8 10 2 2 9
14 14 8 11 13 17 15 15 9 17 15 4 14 2 2 2 2 2 9 2
4 14 8 5 13 9 5 9 14 15 12 2 8 11 8 11 8 8 11 11
2 9 18 2 4 14 14 11 10 15 2 2 8 2 2 2 2 2 2 8
9 5 4 14 9 9 9 9 19 14 14 14 8 8 15 15 15 15 15 15
9 14 14 15 13 15 15 2 18 2 2 2 2 2 2 2 2 2 2 2
10 10 9 8 8 11 8 13 8 13 15 15 15 15 15 15 15 10 2 2
10 2 2 2 16 8 8 9 8 11 11 13 15 12 15 12 2 18 11 15
12 14 14 11 13 15 15 15 15 15 2 2 2 2 2 2 2 13 12 2
18 2 15 2 2 8 2 2 8 14 11 11 8 8 11 11 14 11 13 8
14 11 13 8 10 16 8 13 15 10 12 2 17 15 12 2 2 2 2 8
15 10 13 13 11 8 15 15 15 15 15 15 12 2 10 2 14 11 8 2
12 10 14 8 8 6 8 15 15 15 11 15 15 15 15 15 15 10 2 2
